1.0,0.006388946146039997,0.010796834268261585,0.005379888722169865,0.007843397920805007,0.014487507940382088,0.013534502439936025,0.003975648379928643,0.010542929070298824,0.02108201975746104,0.011686198783963316,0.035294994481454935,0.008404255357017979,0.009932452871883908,0.009655013597681983,0.005986387857858738,0.0058283398829859535,0.004919361197010482,0.006672526353896419,0.03347483453844047,0.007854116395314251,0.010001302824393472,0.008025764240193606,0.010426401842942948,0.008117222865989066,0.007498919016091332,0.02345530955459223,0.007183001876541858,0.005317385186810642,0.01756213224906545,0.01976340905467005,0.020306428860616177,0.009865348072540032,0.0053865112074087,0.005871925981462505,0.006282848437099047,0.005457753659511573,0.005432526096209561,0.006832080024542461,0.016229649987429904,0.011623432827476101,0.015002184633940653,0.014207752658116997,0.005777749954120878,0.008230526734953562,0.019430865146985193,0.006705494430103265,0.021082019757461042,0.008838129482126145,0.00782279645797203,0.006738471147679113,0.011419101763940412,0.006143807544320029,0.011804128146226804,0.010796834268261581,0.010356953538204972,0.006702805221133246,0.01217605483526623,0.006251488830001057,0.00831320150601891,0.014358353204507127,0.013608283359345174,0.013241568372698888,0.014220081497399506,0.018097348704354095,0.009491932928126195,0.009082964234307298,0.006790327387349455,0.0055334491639917865,0.016651731938872177,0.008617236933397741,0.006795977109184791,0.005558402115780514,0.007723182953659442,0.013850841755743632,0.011118782233037174,0.014363981524505024,0.005828339882985952,0.005828339882985952,0.009088436689590376,0.008224671044980768,0.012876378491050434,0.007230247409750366,0.016893682399255015,0.006809076021138583,0.007571153015816913,0.010796834268261583,0.010511990468903309,0.018702623956888275,0.006288175113231812,0.008241709532304284,0.007538108609096842,0.008513561165130239,0.011179985683629719,0.0113360151723518
0.006388946146039997,1.0,0.005278702760402725,0.024674261509818163,0.008860819526610268,0.005626226207882484,0.005282686256437548,0.02939435332016615,0.004731444391269671,0.006099613545622705,0.0053912108985234245,0.011029766058052271,0.008318684462411952,0.00586277675102442,0.006890307722716506,0.00581202712058702,0.0057669014236691445,0.03376376865658007,0.007804790121859653,0.005868059925251417,0.009258716633914824,0.008645948428935093,0.007630324045439171,0.010048074089321794,0.007723757465658485,0.008970910130088352,0.00591185106063901,0.021200619522662605,0.025665105570962018,0.0051287834647129014,0.006973391581514379,0.005977892973578912,0.008797635362434806,0.020890768315312815,0.013332832852185984,0.01005325368275993,0.03277833698236303,0.03869710407664585,0.006322352032532544,0.00864661421280117,0.00650860261920985,0.013354670292407696,0.010588991887906395,0.030673636775477506,0.00621529608403034,0.007100391195491499,0.006028114806997659,0.006099613545622706,0.008457629887804031,0.007091514813741396,0.006695665716989391,0.0070506249152513575,0.004421099165700074,0.0038471333533166927,0.005278702760402725,0.010934059532847502,0.03380809283489365,0.0066508144785873205,0.02919855619870646,0.0063039833853931505,0.0033351113792470834,0.0040884593914093294,0.00468999623930021,0.009163422494605583,0.005472988762434141,0.0088594981957646,0.008033173887566757,0.009026022970504385,0.03392769234959811,0.005796282739521855,0.012037240689807943,0.0061457476279590684,0.0367633075305232,0.0054867569982973395,0.004904943819658414,0.005751438717221947,0.006327702636543803,0.005766901423669144,0.005766901423669144,0.006475506062799115,0.007001220298378701,0.006820831960146867,0.006919453335445411,0.0059156904240221355,0.007883444821020564,0.009056911238541153,0.005278702760402724,0.007799831216079736,0.005885042662640625,0.02285152423106334,0.03335922273164568,0.007103698181429698,0.006875247836401748,0.004282966825219151,0.005093555673890979
0.010796834268261585,0.005278702760402725,1.0,0.004916833287027765,0.008698152079493583,0.012304980829831513,0.03696682655699643,0.004095413272812435,0.007610419608446566,0.015009704771396029,0.012991867454460966,0.006858847725237347,0.006742700961748158,0.005650619041805201,0.008156375831642311,0.006398316487718062,0.006372824619527077,0.003953331334608648,0.008641203756939622,0.009850093733932487,0.009936928331152676,0.006849497349072961,0.008002782108362654,0.0071262279971663215,0.006233119774160396,0.00869359145197043,0.014135916639926159,0.004333579728711302,0.005499354162631377,0.030913339609548843,0.010665201465731917,0.01230346349730792,0.009437560283833695,0.005975395842438485,0.006444417587816164,0.006846166077128464,0.00597480143431367,0.005201942529596796,0.007437436049626368,0.00727011046831629,0.006330574934865504,0.0073647902615423975,0.008004935792605278,0.006265326721161236,0.008701145201127362,0.013105868529007494,0.009968037372365339,0.015009704771396033,0.009118003053970234,0.005777983387525938,0.006905659976524187,0.007379959913357234,0.007837339802608055,0.021817165836143078,0.04278708289422944,0.008130547926200202,0.006033433796433682,0.011639415704456636,0.00511527408456159,0.008238799828452596,0.02358779288646956,0.02535894986429668,0.025047475062551415,0.0103193064209313,0.0068757162057383366,0.00816544650822055,0.009946925939825137,0.00943771917690302,0.006040359179830155,0.03396871179360479,0.008631169564042258,0.007874478749194272,0.005988898741597248,0.013034358765751607,0.02581465078611657,0.011297926287599624,0.006940458204357185,0.006372824619527076,0.006372824619527076,0.016166947537434626,0.009780790049347501,0.010330026338530935,0.006930111619665031,0.008174390345327444,0.006994964865493371,0.007062004154460139,0.04278708289422943,0.009241037174668482,0.012697230559486149,0.007715397463770868,0.0046381988715434,0.009147860708404228,0.010766107646304842,0.018663493507502467,0.009186008886788707
0.005379888722169865,0.024674261509818163,0.004916833287027765,1.0,0.005760809014653045,0.006620675353966144,0.00495772564918682,0.023932447130713477,0.005801202028378057,0.006038994468959902,0.006629613043016852,0.0075764042886936585,0.008091937754595817,0.005369255323050439,0.0062872430388195965,0.005280070123880805,0.005048929432310123,0.023767841328503167,0.013058034669457562,0.005399987822390119,0.007473469029613028,0.007752393200944464,0.007098076992432221,0.006102362216958887,0.012010896543738905,0.014383185346853952,0.005648007733193261,0.01324073510550829,0.01621159939878338,0.005580703545349693,0.008862425078628885,0.006121741695230451,0.011389581654552358,0.011334066553422725,0.007799911865910216,0.006741240251223428,0.02550020639903785,0.028571512249458177,0.005940545826624977,0.005820959352286664,0.00642071139988057,0.006171897032647908,0.007400791943827914,0.02776563535213404,0.0060389898795519354,0.007539529438871217,0.005574549446135473,0.006038994468959903,0.008125886108939185,0.005896111580560758,0.0056192108779109864,0.006259784696198527,0.00619455878769204,0.0051155332078972665,0.004916833287027765,0.007415483920781129,0.028932987935442744,0.014736130868691452,0.02340370959912122,0.0058369054487411,0.007404024031697867,0.008893487681652167,0.005756070291445757,0.006667907409960906,0.00945126443539604,0.007211139476648042,0.014762295036583072,0.008040995338820767,0.027789802569976943,0.005502855215444493,0.013968511812967365,0.005170613906608457,0.029011426588099624,0.007653629094834634,0.005833126248248844,0.005789448628556508,0.01004369724012736,0.005048929432310122,0.005048929432310122,0.0076010321512389204,0.009181060286423827,0.014639472699832914,0.005268914983635147,0.0063478887794981495,0.03345463454256766,0.05329272363607338,0.004916833287027764,0.006358054342680423,0.005612026944403512,0.0148449502165748,0.022305414342382597,0.008462987079462844,0.006515386217698021,0.00468175838949627,0.008224979392775477
0.007843397920805007,0.008860819526610268,0.008698152079493583,0.005760809014653045,1.0,0.009750803390879212,0.008809372973225371,0.008231032502026472,0.008576579711314545,0.012594875280382608,0.007163467141913828,0.01442069275123044,0.010840270191428896,0.019783577970515623,0.012166718132098289,0.00910009584093023,0.007966874962308548,0.00706582677240122,0.01105217687706025,0.012612231820159588,0.013303577915168,0.022799510207997538,0.015375743460398252,0.012812983594200723,0.00877802816925258,0.012443163953051797,0.009017908035306572,0.015137697782739797,0.019822356315721247,0.009332486855954444,0.007136121894866265,0.008705636262896775,0.008691282996696244,0.009947899546272343,0.009793929834877719,0.008950886497077277,0.008971445528999554,0.007556138081594524,0.012482130271432076,0.010358088716673139,0.015535879341580905,0.011570099176820059,0.007898342481367,0.009077154212460048,0.010167257371096612,0.011891089201898023,0.013997402567381781,0.012594875280382611,0.011290103391059809,0.010455170629084349,0.01003290176941301,0.01039939655234048,0.018323317103713196,0.022186697149147158,0.008698152079493583,0.012770351350157989,0.007762622138356152,0.006160817566389238,0.007988546835489585,0.015264947361040924,0.006769478565106579,0.006463462726994431,0.0068419523628056225,0.03212843481532932,0.01591041482633323,0.009498120773721787,0.008520083474117666,0.010016935097231932,0.00886352835696878,0.0071932071757088295,0.010260324659991195,0.01101901551771664,0.007904672864651852,0.011255486823896117,0.0068835490668280605,0.009598621376601535,0.00858984389398058,0.007966874962308548,0.007966874962308548,0.008527307528801847,0.009980767204780609,0.01048040390034563,0.01032894091373305,0.009443544675647193,0.009578954834710034,0.009750466883895942,0.00869815207949358,0.021018244806316623,0.008667841451892627,0.009980521206236971,0.008486005632955552,0.009591740176223688,0.010697251631046128,0.008242168970073026,0.014890615960645216
0.014487507940382088,0.005626226207882484,0.012304980829831513,0.006620675353966144,0.009750803390879212,1.0,0.015579402006341593,0.00554941760470319,0.0260606654879892,0.012691210883298925,0.013535391711877308,0.007166652550943918,0.012142488235152182,0.010970078401382633,0.00994467689904088,0.006449335033757272,0.004859250667094167,0.005154191036528243,0.014800901918680082,0.027495303561120614,0.016967012946377397,0.008332245900141876,0.006677094862658278,0.005685140750710029,0.016998666973550562,0.010816073033432029,0.011449367542614438,0.00898579933873228,0.007312972043331306,0.0141258109081151,0.011340622704626449,0.009035768481512222,0.01028219475949136,0.004434728628241218,0.004832082230303984,0.005198496418935531,0.004697696339541508,0.004305259568814057,0.007869350953528384,0.007062781928429329,0.00930651595549934,0.005775887784948031,0.0071579562242273295,0.00664373109341342,0.011418430045715935,0.01140001561010457,0.005583386888083162,0.012691210883298928,0.007647360729959498,0.007649496910619932,0.006403872528680361,0.005963931348913125,0.009785824220311063,0.011225039323435881,0.012304980829831513,0.014920531376049168,0.005045020763507364,0.010522928514974042,0.008093255122228516,0.038681830354180394,0.01415018868938826,0.015278882000916736,0.011765897752172,0.013251266515787292,0.010100197883794551,0.006631963198609011,0.014559409363790098,0.007988116884046968,0.004872353404794073,0.010856184393768526,0.01610800978458658,0.005825519410301442,0.004740725164408934,0.007585818710959942,0.016743079650064607,0.009175661734592699,0.015117815547751979,0.004859250667094167,0.004859250667094167,0.008772356048622823,0.011968828368072922,0.013191714356452448,0.005247814690498172,0.01182518025819926,0.008629725892103464,0.006667950573522027,0.012304980829831513,0.01948602478387476,0.009444670228615958,0.009085826634697258,0.004006861657921945,0.012188697375833175,0.012007828605107471,0.015048691036100669,0.02598510307035724
0.013534502439936025,0.005282686256437548,0.03696682655699643,0.00495772564918682,0.008809372973225371,0.015579402006341593,1.0,0.004125792700412896,0.009948341968429301,0.013704541879910104,0.015581780005817936,0.008804492820898954,0.0076317979831797425,0.0064310060141217025,0.00876835412524226,0.006367329857091743,0.006285352020543528,0.00444636595335,0.008378153591944115,0.012046945768986614,0.010500654125332819,0.006787979623791155,0.007889353046486804,0.007102490310881861,0.008545792963518123,0.008399321152846865,0.013563153612420768,0.004833266329089091,0.0055917623600491035,0.027227557611535634,0.014008751985844876,0.013537592149163183,0.009741074751278458,0.005940357738663278,0.0063876263738404035,0.006766940856491233,0.005963322550334397,0.00525635481289108,0.0071737163000620665,0.008223227039902622,0.007095455045323504,0.007502815204094779,0.008397690361309985,0.006404433780014342,0.010275797987796712,0.012076332924288034,0.008870737275211368,0.013704541879910107,0.009014161700678291,0.005671804455482182,0.006766709413279523,0.0074518971466501155,0.006854994897026989,0.01801377584460453,0.03696682655699643,0.010144855232993074,0.006449223099911989,0.010812795000512842,0.005528580118400233,0.009810601073364029,0.01935358465853548,0.02207826222374934,0.022880154436041383,0.00978188907719945,0.010300872239269829,0.008481529192649533,0.010610627157399258,0.008750858176612673,0.00603376230162034,0.03016329208732038,0.00940649854374973,0.007688205197406267,0.006028555997567853,0.011636282751090988,0.02298903366232117,0.011526661296478741,0.007827012463000467,0.006285352020543528,0.006285352020543528,0.013483066575187984,0.010293261959169372,0.00911411268001117,0.006657712008163027,0.014034699760089605,0.007241493428581523,0.007851287452683273,0.03696682655699642,0.009660061152798058,0.013553393007765353,0.007649194219068154,0.004682989321175198,0.009054673129409638,0.01026191285909047,0.01641556002277579,0.012867599430110229
0.003975648379928643,0.02939435332016615,0.004095413272812435,0.023932447130713477,0.008231032502026472,0.00554941760470319,0.004125792700412896,1.0,0.0062299572857775105,0.00416330951471988,0.006699015247582248,0.010917140570188402,0.007181422875072993,0.005877177941568827,0.005363430276276879,0.0044861216514514735,0.004386784146369779,0.04036145558416222,0.007557892926439342,0.005042892960160026,0.020440926228466754,0.011683027657405025,0.009433318046357952,0.007312076926492845,0.011605672646738781,0.00906963612792304,0.003638479375928193,0.03263438039602223,0.03354044238975241,0.0034386736168063375,0.006635357511684742,0.004636805486786753,0.010234101662711095,0.02248694996469968,0.013935005709038332,0.010279314767390049,0.028287620491656458,0.03728910357965044,0.005359454935330537,0.005331057161554728,0.005923209870134036,0.006966027155502116,0.007129361993216881,0.027357382917973173,0.005370437341762544,0.005344077435065816,0.00503909456813614,0.00416330951471988,0.007549082561407082,0.004289415713156599,0.0042712805168515465,0.005718753639487801,0.006878125735095168,0.004150692564551932,0.004095413272812435,0.009031231174063861,0.028726782823889997,0.0055571620167835165,0.028653167072616757,0.0054569994485720785,0.0042238814409306415,0.003951857578478437,0.006497574034947436,0.004955838653362565,0.005909833846478813,0.014971896947914929,0.006180803940580914,0.017360929912717718,0.026437186473384146,0.003601095362588504,0.006922974301895,0.004701458339346086,0.028838100071843738,0.0056118791444107,0.004753189939291094,0.006016294362894912,0.006486840664387823,0.004386784146369778,0.004386784146369778,0.008861795926167452,0.005830638970913123,0.00508398374909266,0.004812005330925906,0.006583091670841196,0.007668736367407702,0.009059529484089737,0.004095413272812434,0.007434545060285569,0.005153342649110315,0.02021593471516321,0.03106042849247454,0.009727804324248274,0.012216736862028406,0.006514533523753986,0.006224937736401087
0.010542929070298824,0.004731444391269671,0.007610419608446566,0.005801202028378057,0.008576579711314545,0.0260606654879892,0.009948341968429301,0.0062299572857775105,1.0,0.006225166048197633,0.01969818764890934,0.0061912901584769316,0.009921504985134512,0.010103167459035778,0.00854618509871393,0.005372250413189315,0.004881210453238153,0.005279017261387374,0.0102160651284158,0.025219163602296334,0.010607779196265911,0.007425766232890157,0.007270475383244808,0.007145906689972977,0.023572003207391872,0.010170530619452861,0.006662717511673707,0.00888461104245021,0.0066060271230390395,0.006328376306691275,0.008502873730611293,0.009626078621274667,0.007531369543150835,0.004673982842286057,0.005409685109299817,0.005826542958504054,0.004941180051566581,0.004804322465582235,0.010462702083441452,0.008860155744452385,0.013570741461685666,0.007093469472512746,0.005509236895126949,0.006059438238083907,0.03256928520225036,0.0062090610649411584,0.006091053933745923,0.006225166048197634,0.008417521226702702,0.005403767069836136,0.005165230703774884,0.007734984655767712,0.00907665650786876,0.006702984439193545,0.007610419608446568,0.020849660607665566,0.0058648846415340706,0.00885377221879409,0.006074212036600078,0.031582763964514704,0.009913240636486449,0.0076788951813290245,0.01055011722484649,0.006535192920211087,0.013254850960457882,0.007596526676756588,0.009880998441701762,0.020249452947689574,0.005146676690275456,0.007428443857196709,0.009674722885609634,0.00694493514012043,0.005229133747087859,0.015808164899517575,0.010163042595445414,0.020620417556925195,0.011570999682405297,0.004881210453238152,0.004881210453238152,0.012463853386843915,0.015284448224727794,0.007434680663793483,0.005636443461678888,0.018739519987322675,0.007361335409087575,0.007237489585722697,0.007610419608446566,0.020903728476955846,0.01545143766820884,0.012018133671396123,0.004261361699401208,0.018657909000022385,0.02051906398220859,0.021919001332126577,0.033332131659169054
0.02108201975746104,0.006099613545622705,0.015009704771396029,0.006038994468959902,0.012594875280382608,0.012691210883298925,0.013704541879910104,0.00416330951471988,0.006225166048197633,1.0,0.007307782069657813,0.00910406089713681,0.008185855390907267,0.006298647779758391,0.01036994597910202,0.006797484884242656,0.006619400164761394,0.004152979923098376,0.00889360049502216,0.010023784728292798,0.007672995758402089,0.007639925229409582,0.008088029113227337,0.007163692737935245,0.00726975112936494,0.00852029331418585,0.031161179818307214,0.004707104535106043,0.005485281088002019,0.030167416865178258,0.010056488494489882,0.013740681090502627,0.010247243453295758,0.0060743187687119955,0.006492292162144312,0.006868680809022319,0.006216236272969371,0.005310024970844291,0.007649012561548605,0.00748722560312058,0.006016924309394982,0.007257250397931916,0.007362797860485517,0.0069051226657685216,0.009720599213806282,0.03950289794724325,0.010272858158537814,0.04359797718448312,0.009101635535351727,0.00879684609307804,0.0077969486174643814,0.007431695076916595,0.009272126375718682,0.02293568819603361,0.015009704771396029,0.007967742042776255,0.006383642683371164,0.012045933649361792,0.006878861303271476,0.00828700196756495,0.020717298808593534,0.023501761312601753,0.010084291756420187,0.028451491128078973,0.006457722210204488,0.008460309014232111,0.012038987510893467,0.007331480647618066,0.006327193705885397,0.014610052158282595,0.012126779544721036,0.007886306931449288,0.006120166859858335,0.013907918976750384,0.02258046358692262,0.007479141741042268,0.019769493313070118,0.006619400164761393,0.006619400164761393,0.0065536392315545845,0.009534030884360143,0.02653660083842567,0.007217291564796661,0.00645339614373101,0.007015890787378011,0.00690098013212556,0.015009704771396027,0.008365254755843196,0.011245797021511506,0.007219355190715076,0.004846098149818677,0.008061849628319146,0.00883229560931353,0.008504082141192672,0.0070815607824344035
0.011686198783963316,0.0053912108985234245,0.012991867454460966,0.006629613043016852,0.007163467141913828,0.013535391711877308,0.015581780005817936,0.006699015247582248,0.01969818764890934,0.007307782069657813,1.0,0.0071660301286847325,0.011305866548368836,0.009081790562631739,0.012415301184268444,0.006701142184007591,0.005752762431921349,0.0068086286098243565,0.007431592956053034,0.009326099860612412,0.020411221581166455,0.007554370423165016,0.006470691611508541,0.0056634760622806465,0.018405313656316917,0.009176287895741493,0.011726865670155191,0.008260983745396404,0.007196522579425076,0.010689230873277188,0.010808753708894708,0.018573786007239503,0.0064640175066520795,0.00429664955186969,0.00479635678313799,0.005110495262973904,0.00553941305128413,0.006521563949327212,0.007127981152761235,0.007265640823898132,0.010165243058247793,0.006193836488037123,0.008240933737967922,0.006844470136495083,0.03840596175537633,0.007842233179980066,0.005580920534000086,0.007307782069657814,0.0074706734554825125,0.009757593053687449,0.0074154215809782,0.005984621163681597,0.008468463380060444,0.008262310731570742,0.012991867454460966,0.013649903256797383,0.009452699775570115,0.011028573080401356,0.006933797400702348,0.0076144151725699195,0.01383966082948704,0.010569722941268431,0.023143245983990857,0.006712648824809248,0.02782942567021325,0.005672222495384146,0.007426270453725965,0.008767062636252251,0.006048809992014689,0.01583228540673333,0.006962583772351438,0.007286127930751119,0.007045354114965222,0.008275229385975275,0.013674449756714516,0.021999261390856322,0.01302466647321807,0.005752762431921349,0.005752762431921349,0.009670198927098587,0.010230320044478434,0.007008301642795713,0.00662648898170335,0.03216537112097186,0.006348667221887792,0.007442752123685476,0.012991867454460968,0.009339890540634842,0.02054871595543572,0.007703044985706116,0.005413712384585909,0.009135923014721416,0.01425798785873364,0.01340498235505649,0.02048260837681143
0.035294994481454935,0.011029766058052271,0.006858847725237347,0.0075764042886936585,0.01442069275123044,0.007166652550943918,0.008804492820898954,0.010917140570188402,0.0061912901584769316,0.00910406089713681,0.0071660301286847325,1.0,0.009965191789068323,0.026112221256829465,0.01085522926713295,0.010291472119193401,0.008678534546184842,0.010886737291262504,0.009710893340699307,0.014675265796248008,0.013504550562257078,0.028752359260600643,0.01849366527976718,0.014132571851605637,0.007723336079509615,0.012526317415469413,0.00892679593464099,0.022707460957688847,0.01244723292184743,0.0066464663409248285,0.009065620041845333,0.010624989846886623,0.00779299345677235,0.013433419656877669,0.012302176959351308,0.01029907644342042,0.012000686836401453,0.011004058757867108,0.01236341257725013,0.01130279801802609,0.010082999969195178,0.012386636602520148,0.009971838765893148,0.010603325388786538,0.009446902462214714,0.009221958845750396,0.009223243953056168,0.00910406089713681,0.012447835224647957,0.008532434592504252,0.009127589033302092,0.010402883548296243,0.008973625363178181,0.005603898451574734,0.006858847725237347,0.010924134057500671,0.012107922110916583,0.005928191917744387,0.010797961807822724,0.01294464957062414,0.004571369661041706,0.0044963776973328635,0.007118276724584224,0.008811920592577004,0.025005383218581284,0.009660122741207222,0.007742668250323959,0.008978226542672715,0.011500656810271029,0.007531183926132651,0.007444436446845959,0.009280947467609775,0.011429710125663326,0.008219306388907392,0.004999020589776901,0.009720421493833212,0.005320847532754932,0.00867853454618484,0.00867853454618484,0.0076035959139083105,0.008357555000478831,0.005746940930968749,0.01036415602259146,0.012202247147310344,0.010022754960044638,0.010154139807464631,0.006858847725237346,0.009398355506111754,0.01057843792803866,0.010358311732811256,0.030463778461979778,0.008014651501219508,0.007528666610454909,0.006098692630085249,0.006846604324957567
0.008404255357017979,0.008318684462411952,0.006742700961748158,0.008091937754595817,0.010840270191428896,0.012142488235152182,0.0076317979831797425,0.007181422875072993,0.009921504985134512,0.008185855390907267,0.011305866548368836,0.009965191789068323,1.0,0.033572077221308484,0.027574202859066053,0.026778957784013097,0.013861706207502218,0.010643685289004235,0.018800610389191848,0.009728889306565507,0.008699841330652863,0.010365988545412371,0.007916976630323974,0.007916063184572317,0.016723179408530735,0.016171168161687895,0.00881358801933463,0.013483922042956207,0.007939307644312568,0.007109239606863401,0.007702958683632622,0.009673907548728298,0.0068631082345480265,0.007110073084355208,0.006685481822577494,0.006373386878947078,0.008223287396149675,0.008623165658835915,0.038300068510725135,0.008602773363125218,0.016204608782333846,0.007708473629386742,0.00805253000218723,0.0102530451421191,0.008719568639660537,0.011734994050047473,0.007786008697720007,0.00818585539090727,0.008756817923322613,0.017968626746938287,0.014643055565086022,0.008396852785460093,0.018900215209378214,0.006264075609632938,0.006742700961748158,0.009918001839400632,0.008698049188581138,0.00597969112664359,0.016812122830695768,0.013264378920408855,0.004483673527626455,0.00561324155295857,0.006715910043704392,0.010842412042587676,0.010306900402559247,0.007275694430723961,0.0076380224178743215,0.008466124899424115,0.008013434916392547,0.00640556492178831,0.009404180449328933,0.00913931252104996,0.008315873529827131,0.006941817901657276,0.008808169378962373,0.00792710510735337,0.00824810126760114,0.013861706207502218,0.013861706207502218,0.00873836910507662,0.014394636310778385,0.008341501465702353,0.010903209073687596,0.014382401078636302,0.011195886533743985,0.007343695145886606,0.006742700961748158,0.012951361074924905,0.008026187280309672,0.009303684682542338,0.008002643208319903,0.010513148503816216,0.007120726107469618,0.00645144756157685,0.010533049869892064
0.009932452871883908,0.00586277675102442,0.005650619041805201,0.005369255323050439,0.019783577970515623,0.010970078401382633,0.0064310060141217025,0.005877177941568827,0.010103167459035778,0.006298647779758391,0.009081790562631739,0.026112221256829465,0.033572077221308484,1.0,0.02494136664382505,0.024018879468335596,0.014865795956661928,0.006717411460318271,0.009698866193304453,0.009460624000070098,0.008425448289238613,0.014627250530083576,0.011338444625767254,0.009781162371643252,0.01088476271097015,0.011037233092039602,0.007400168076759077,0.011357109427390941,0.008190422534202157,0.005519732477827458,0.007110099895240217,0.009273389443536364,0.006742288588340263,0.006249171879905674,0.00632795777009211,0.006597563917899339,0.006235704565008916,0.005686497584697189,0.03165333289341926,0.008389958593945774,0.014988406735094075,0.008531613864644173,0.011835338105157522,0.007856144163035036,0.007930185448703723,0.00809786849540995,0.012184559457371413,0.0062986477797583925,0.009486085639913544,0.02048359627829222,0.01886077718507321,0.008591136252553562,0.019295190767567326,0.008168709905496438,0.005650619041805201,0.00992755347926965,0.0060250360117201016,0.005901205201538799,0.008988238306276257,0.035815255977751995,0.0045489676062462295,0.004594813643114426,0.0064133245101107884,0.01310101194020748,0.013951687627563951,0.007347426927547317,0.006689080235308542,0.0077154572364033286,0.006213757652963003,0.005315018957408766,0.007237320516913235,0.017687780417040666,0.005723047545759616,0.006786000214347837,0.006193541674611396,0.0076480376296419236,0.006727636344342686,0.014865795956661926,0.014865795956661926,0.007175549237994473,0.012463230730078394,0.006281828169314571,0.02376525135087524,0.013193208419706353,0.007646126973715899,0.0074410059680109965,0.0056506190418052,0.016614378942344625,0.0072833328027059555,0.008339825724683708,0.008001369827481699,0.008179644115102743,0.006250003627456162,0.006315095494817891,0.009995733212703969
0.009655013597681983,0.006890307722716506,0.008156375831642311,0.0062872430388195965,0.012166718132098289,0.00994467689904088,0.00876835412524226,0.005363430276276879,0.00854618509871393,0.01036994597910202,0.012415301184268444,0.01085522926713295,0.027574202859066053,0.02494136664382505,1.0,0.035912760182761135,0.020255076263291573,0.005985885933260771,0.009942806936528348,0.009211162635535203,0.010447051465170196,0.009408580260491375,0.00892125733261821,0.007879609955548901,0.011108419280605148,0.010659241019281623,0.01717561586490108,0.007619767770201388,0.0061403338388401705,0.00788628540246428,0.008925843029317922,0.02200917741766244,0.007795456654401822,0.0069633511419253885,0.007078406426531115,0.007361576527124825,0.006949324207836935,0.0062700000517939515,0.014501184748641573,0.008070273586577081,0.010006335263944002,0.007617832108699627,0.010983920005235973,0.008419878067459224,0.010301487631986954,0.010979985834479344,0.008959795365854114,0.010369945979102024,0.010004886302807046,0.027929678258050032,0.021781241240032775,0.00817788058192304,0.012587882848379781,0.006870112440208088,0.008156375831642311,0.010638405168193234,0.007166669777293836,0.010455783238525532,0.008785613823977537,0.012728735181102433,0.0067522417063462185,0.0053968112807616445,0.01101552074433395,0.016341449947629268,0.011067268811014525,0.00793448043424824,0.008801867770675209,0.009493792309110337,0.007038068280753878,0.010193390445727285,0.010525893394668135,0.012565275524400812,0.007183205830115829,0.008557978759495415,0.006453337462519379,0.009844401720929303,0.009544441441540881,0.020255076263291573,0.020255076263291573,0.0066674387382176315,0.008880093634253485,0.00814358697799531,0.016663423159255654,0.012150096348449445,0.008074425717620702,0.00811377013685625,0.00815637583164231,0.010343377530704722,0.012027835679710063,0.010289719393641853,0.006019222283164823,0.007738265386864114,0.008133083672584545,0.006394785721403003,0.009344348689201941
0.005986387857858738,0.00581202712058702,0.006398316487718062,0.005280070123880805,0.00910009584093023,0.006449335033757272,0.006367329857091743,0.0044861216514514735,0.005372250413189315,0.006797484884242656,0.006701142184007591,0.010291472119193401,0.026778957784013097,0.024018879468335596,0.035912760182761135,1.0,0.0701705805186585,0.00506492294939508,0.008561609128101277,0.00805627364687704,0.008021773387652167,0.007796922388893712,0.010400565650623885,0.0089735533359026,0.006895901063402605,0.008819246145720206,0.008224649096756326,0.005980738703528483,0.005271295045910133,0.005231447972547626,0.005705591415109094,0.009692345870460264,0.006659073309037205,0.006657311477615343,0.007198651393098722,0.008173468070732486,0.006678258325190544,0.005674365630834153,0.014677992558585701,0.007267175272835952,0.008219483992167506,0.007161038046002619,0.008918182091601033,0.00785227564069368,0.008643011428201423,0.007948812073098485,0.009149259725473782,0.006797484884242658,0.012034494728721423,0.03522919414588027,0.04082018988263282,0.009405855793854492,0.009870038345310653,0.004954614459783742,0.006398316487718063,0.007243895035651015,0.006364104796978333,0.006613710166723671,0.0076361571692461815,0.01163921628937151,0.0036989798554076213,0.0036083193668560894,0.006841651354399834,0.011116607159122315,0.006217097268733019,0.0073702935884951935,0.006742180236497676,0.007929719390858625,0.006763314990098218,0.005902407667671573,0.007717771750713131,0.012735223969994432,0.006492387819818513,0.007422729127613445,0.004391005186864482,0.007400378640196888,0.004742196125638286,0.07017058051865849,0.07017058051865849,0.005388305268491612,0.007164480137713713,0.005121686788671073,0.01781084395233839,0.006854469351000187,0.007291019019552725,0.0072933414062944495,0.006398316487718062,0.008270946352186576,0.007398598580925836,0.007403441999646713,0.005259114246802948,0.005872766751617363,0.0062781920073122,0.004794771310122777,0.005163243569212185
0.0058283398829859535,0.0057669014236691445,0.006372824619527077,0.005048929432310123,0.007966874962308548,0.004859250667094167,0.006285352020543528,0.004386784146369779,0.004881210453238153,0.006619400164761394,0.005752762431921349,0.008678534546184842,0.013861706207502218,0.014865795956661928,0.020255076263291573,0.0701705805186585,1.0,0.00412747726193538,0.007219929312658819,0.008155898136985935,0.007966046684650637,0.006938666566984627,0.010899592380457734,0.009319028195214726,0.004571524834251447,0.007131796121415674,0.007212090577282014,0.004550992832784333,0.005172122021196369,0.005157921501173331,0.0056337941530922205,0.00844794040039638,0.006879066918814785,0.006916275592004641,0.007566915075942921,0.008630622592954306,0.006810063021749365,0.005566209216197219,0.009662718598329775,0.00741533432295949,0.005922464773699124,0.007393690953872059,0.009808663162130103,0.006654974103098798,0.008865587253605537,0.006537257909148771,0.009805684125856601,0.006619400164761395,0.012826574315669996,0.04090168519405338,0.05180272049756551,0.009818501961906095,0.007649580336853295,0.004978729255773988,0.006372824619527077,0.006777111606286319,0.006213915175556511,0.00732167208536642,0.005299758526818486,0.009366692330393162,0.003619183957123808,0.0035490121062643864,0.007442045870722693,0.010811520641060295,0.004935506340130789,0.007610304831750384,0.006810146684824367,0.007899213389178124,0.006863368644294934,0.005847473619433179,0.00785269555099015,0.014950058666325445,0.006391084102447251,0.007614346094107667,0.004247488749484621,0.007377056517916185,0.004420463183586236,0.09595001009623139,0.09595001009623139,0.005174167334954566,0.006923958779318206,0.004888353261489847,0.021823323988717377,0.004351555927265707,0.007438884978907063,0.007536503629029559,0.006372824619527076,0.00649652626462967,0.006734459793276413,0.007959268906454882,0.005170954201022813,0.005717433053845164,0.006038153807546262,0.0047007155469395,0.004693770936362026
0.004919361197010482,0.03376376865658007,0.003953331334608648,0.023767841328503167,0.00706582677240122,0.005154191036528243,0.00444636595335,0.04036145558416222,0.005279017261387374,0.004152979923098376,0.0068086286098243565,0.010886737291262504,0.010643685289004235,0.006717411460318271,0.005985885933260771,0.00506492294939508,0.00412747726193538,1.0,0.007644113865756828,0.004330592762041471,0.008894532068685441,0.007519316902891238,0.005927335810835535,0.004964747365265096,0.009661998009203787,0.006943863841005123,0.004147346356655597,0.03722495761529669,0.036096096452568976,0.004094616516394513,0.004752896297732574,0.004472405390215719,0.005887413543490746,0.03020071115071283,0.023151251339727535,0.016648060877675917,0.0321167256918414,0.041069642258424036,0.0058492369604467905,0.004855026014134266,0.005099674854456465,0.0057761617494691275,0.005006304829473758,0.029410323888293125,0.004593586673328784,0.006516964398038363,0.00431009815980365,0.004152979923098377,0.0067181118105980805,0.004801639667450804,0.004765951233634644,0.0049762801366181,0.004806314030038346,0.004068795699329294,0.003953331334608649,0.011736237294662454,0.0329968026198572,0.004538340363509367,0.03772490155700588,0.0048198461254900385,0.0034500710827070034,0.004015037840181939,0.004454877362108407,0.005377122271834591,0.006270955406027354,0.006564656139643544,0.004949830736617103,0.007294432901016085,0.030014977203708753,0.004000266487619914,0.00655024280030936,0.004065126910400578,0.03262502980984554,0.0038966910607168923,0.005123526024968854,0.0057956859294665455,0.004583258063180788,0.004127477261935379,0.004127477261935379,0.004490656132018414,0.0052092665244463186,0.004945029368394091,0.004186417768985807,0.010440406496031535,0.006813466424369067,0.007744806691240049,0.003953331334608649,0.00757708791628089,0.005491389459746721,0.020366222427312737,0.043173254202405045,0.006733898191608573,0.006440241987196131,0.004600890559736001,0.005502044684774476
0.006672526353896419,0.007804790121859653,0.008641203756939622,0.013058034669457562,0.01105217687706025,0.014800901918680082,0.008378153591944115,0.007557892926439342,0.0102160651284158,0.00889360049502216,0.007431592956053034,0.009710893340699307,0.018800610389191848,0.009698866193304453,0.009942806936528348,0.008561609128101277,0.007219929312658819,0.007644113865756828,1.0,0.011388850636277693,0.010158795540776065,0.008545659723715855,0.00990392887210945,0.008766255354321439,0.010510962942770843,0.010509029178812065,0.007370710840392994,0.02037612840971495,0.008130152601687375,0.007223756580287248,0.006525378139352424,0.007894101110109181,0.009770747973398025,0.0085452990940908,0.00884842362047216,0.008764424699888947,0.009057543384386798,0.007976311907992275,0.012061860922033547,0.008698334608567188,0.008027899530858749,0.008257744577970343,0.006622161670356689,0.009531992584243823,0.008849879736729002,0.009304263485366584,0.009805684736416935,0.008893600495022164,0.011196504139089949,0.0072087034657585805,0.007634075893345421,0.009124438793472904,0.017362964880807387,0.007179104064070144,0.008641203756939619,0.010711497684173225,0.008321560159285172,0.006051552397152733,0.017797246641420017,0.01310866228694402,0.006098890042790375,0.0056692564640216,0.006164810373423427,0.0070969638069598,0.00982162002330966,0.012666970881396795,0.008897507423525571,0.012740082775995525,0.009133736015742046,0.006994442562119136,0.008248004437657119,0.008793316604353795,0.008697701849379421,0.01142801435351384,0.02103224840038943,0.008656268738698548,0.006601764465565516,0.007219929312658818,0.007219929312658818,0.00857861679813483,0.011839930884937799,0.006780479482554928,0.008846886770903012,0.008585816860594269,0.07156724743063532,0.03511007395326872,0.008641203756939622,0.020737598762922946,0.0077563417632349994,0.011993076072335223,0.0076176160286399765,0.03398176390902977,0.009769502616535749,0.010377592215150354,0.008961047516210324
0.03347483453844047,0.005868059925251417,0.009850093733932487,0.005399987822390119,0.012612231820159588,0.027495303561120614,0.012046945768986614,0.005042892960160026,0.025219163602296334,0.010023784728292798,0.009326099860612412,0.014675265796248008,0.009728889306565507,0.009460624000070098,0.009211162635535203,0.00805627364687704,0.008155898136985935,0.004330592762041471,0.011388850636277693,1.0,0.010590425959803189,0.008605350820907008,0.010816564273868602,0.01082254766022912,0.010028898744314372,0.01083637925958015,0.009745125586814667,0.0072124388383210305,0.007064372336058529,0.008593006886829055,0.010026247697727307,0.010572509921517783,0.00838694921849747,0.0070822820556221255,0.008098384489372303,0.008903654295816469,0.00679727607325853,0.005671756302841931,0.01076667135663797,0.012587357790074388,0.018096183943256548,0.011286123128773848,0.00812263512523274,0.007977270845624593,0.013327927643010069,0.008768247150585502,0.009038343647530022,0.010023784728292798,0.01219955496345143,0.007149862531816672,0.008038305580738671,0.011678198516331048,0.007880417905885777,0.006110711670248389,0.009850093733932488,0.014022056618075911,0.007455328986177882,0.007559218956981129,0.005949996965209347,0.019895379651424218,0.007036083063365099,0.006800104886062609,0.0079203719306922,0.007973461955828692,0.009594694472042076,0.008869576523992739,0.009877283684188817,0.014673163973567112,0.007098791835256078,0.009001855392818456,0.00942431852468106,0.008901825145977798,0.006482570775179037,0.012795515786714187,0.010011837091555398,0.013249532020374464,0.0072006487751682825,0.008155898136985935,0.008155898136985935,0.009676423172835798,0.01355399170601807,0.006157820811460688,0.008312630202760924,0.010297013810417279,0.008593811019664489,0.009386847408214622,0.009850093733932488,0.03158804256926716,0.01184458357552188,0.011332277937583207,0.005356779810318527,0.01329496001725046,0.013060801575501317,0.031092865789686147,0.02427199811779066
